
Hcam2marker_ = [
   -0.9912    0.1201    0.0551    0.0929
    0.0728    0.8444   -0.5307    0.9503
   -0.1103   -0.5220   -0.8458    0.1030
         0         0         0    1.0000];
         
points = [


    0.0566   -0.0282    0.1908    1.0000
    0.0573   -0.0176    0.1875    1.0000
    0.0568   -0.0069    0.1831    1.0000
    0.0530    0.0018    0.1778    1.0000
    0.0437    0.0081    0.1766    1.0000
    0.0330    0.0047    0.1798    1.0000
    0.0315   -0.0026    0.1861    1.0000
    0.0360   -0.0125    0.1904    1.0000
    0.0432   -0.0186    0.1928    1.0000
    0.0548   -0.0213    0.1936    1.0000
    0.0633   -0.0172    0.1935    1.0000
    ];

points2 = Hcam2marker_ * points' + [0; 0; 0.17; 0]
